(* ::Package:: *)

(*Mathematica Code for MLP*)
(*Normal random variables with variance 1*)
xrv:=2{Random[],Random[]}-1;
gauss:=Module[{t},t=xrv;t=If[t.t>=1,gauss,t[[1]]Sqrt[-2Log[t.t]/t.t]]];
noise1=Table[.5{gauss,gauss},{i,1000}]; (*Normal noise var=0.25*)
noise2=Table[.5{gauss,gauss},{i,1000}]; (*Normal noise var=0.25*)

trainSize=64;
hiddenNeurons=8;
iterations=1000;
(*Logistic function:*)
f[x_]=1/(1+Exp[-x]); (*works on vectors component-wise*)
(*
(*For the XOR problem with n hidden neurons*)
(*Defining weight matrices in-hidden:*)
intoh[n_]:=Table[4.Random[]-2,{n},{3}]
(*and hidden-op:*)
htout[n_]:=Table[4.Random[]-2,{n+1}] (*extra one for offset*)
(*For the 2-hidden unit network:*)
(*First set up weight matrices:*)
weight1=intoh[8]; (*for 2 hidden units*)
weight2=htout[8];
(*Then a table for the errors:*)*)
weight1TwoHidden={{-1.1584917264152108`,0.8851638269350084`,-0.437090407518425`},{-0.3787556600698261`,0.48991306808406465`,1.0532859918231807`}};
weight2TwoHidden={-1.6580779583970404`,-1.2103699644244454`,-1.0814717551591504`};
weight1FourHidden={{-1.1584917264152108`,0.8851638269350084`,-0.437090407518425`},{-0.3787556600698261`,0.48991306808406465`,1.0532859918231807`},{0.6906774909754727`,-1.2562396803966913`,0.6055224991776322`},{-1.0453655321496325`,-1.3598638998608554`,0.4931203579753838`}};
weight2FourHidden={-1.6580779583970404`,-1.2103699644244454`,-1.0814717551591504`,-1.9693993279724473`,-0.1479910264811053`};
weight1EightHidden={{-1.1584917264152108`,0.8851638269350084`,-0.437090407518425`},{-0.3787556600698261`,0.48991306808406465`,1.0532859918231807`},{0.6906774909754727`,-1.2562396803966913`,0.6055224991776322`},{-1.0453655321496325`,-1.3598638998608554`,0.4931203579753838`},{-1.732356067166775`,-0.6110804964565404`,0.14486753509692818`},{-1.562135975007601`,-1.8109980467573292`,-0.792770320873474`},{1.7607046180590156`,-1.91335013095563`,-0.8165696848122512`},{1.6747938625105627`,0.4814378373224244`,-0.3481549880422734`}};
weight2EightHidden={-1.6580779583970404`,-1.2103699644244454`,-1.0814717551591504`,-1.9693993279724473`,-0.1479910264811053`,-0.26365595624762617`,0.2278507538653769`,1.2868403524242442`,1.2464864743412627`};

(*testout={0,0,0,0,1,1,1,1,1,1,1,1,0,0,0,0,0,0,0,0,1,1,1,1,1,1,1,1,0,0,0,0,0,0,0,0,1,1,1,1,1,1,1,1,0,0,0,0,0,0,0,0,1,1,1,1,1,1,1,1,0,0,0,0};*)
testset={{ 0,0,0,0,0,0,0,0,1,1,1,1,1,1,1,1,0,0,0,0,0,0,0,0,1,1,1,1,1,1,1,1,0,0,0,0,0,0,0,0,1,1,1,1,1,1,1,1,0,0,0,0,0,0,0,0,1,1,1,1,1,1,1,1},{0,0,0,0,1,1,1,1,0,0,0,0,1,1,1,1,0,0,0,0,1,1,1,1,0,0,0,0,1,1,1,1,0,0,0,0,1,1,1,1,0,0,0,0,1,1,1,1,0,0,0,0,1,1,1,1,0,0,0,0,1,1,1,1}};
testout=Abs[{1,-1}.testset];
testset=Join[testset+Transpose[Take[noise2,64]],{Take[ones,64]}];

etab16=Table[0,{iterations}];
etab2H16=Table[0,{iterations}];
etab4H16=Table[0,{iterations}];
sampleetab16=Table[0,{iterations/10}];

etab32=Table[0,{iterations/2}];
etab4H32=Table[0,{iterations/2}];
etab2H32=Table[0,{iterations/2}];
sampleetab32=Table[0,{iterations/20}];

etab64=Table[0,{iterations/4}];
etab2H64=Table[0,{iterations/4}];
etab4H64=Table[0,{iterations/4}];
sampleetab64=Table[0,{iterations/40}];
(*and an offset vector:*)
ones=Table[-1,{64}];
train16 = {{-0.28552913795916557`,0.7195684647840876`,0.6428144957304299`,-1.2214079369733455`,0.12156358903633763`,-0.02681021984035775`,0.5253360707042003`,0.023017785419832435`,1.3647068066067805`,0.6169169398171841`,-0.05097468069223843`,0.9621930482182198`,2.0039712581490337`,1.494941053721349`,1.8232834908098776`,1.3095628634378593`},{-0.1351850177267172`,-0.6461033522630971`,0.3936361253161326`,-0.4818122191520221`,0.8531248252818876`,0.4283287710031124`,0.9239675446441595`,2.3408069389964883`,0.12617277126971443`,-0.7840018877126417`,0.28585540924776964`,0.20172296638013348`,0.9227672145623982`,1.9034208974172464`,1.0814599466665706`,0.7678062251139949`},{-1,-1,-1,-1,-1,-1,-1,-1,-1,-1,-1,-1,-1,-1,-1,-1}};
train16out={0,0,0,0,1,1,1,1,1,1,1,1,0,0,0,0};

train32 = {{-0.28552913795916557`,0.7195684647840876`,0.6428144957304299`,-1.2214079369733455`,0.12156358903633763`,-0.02681021984035775`,0.5253360707042003`,0.023017785419832435`,1.3647068066067805`,0.6169169398171841`,-0.05097468069223843`,0.9621930482182198`,2.0039712581490337`,1.494941053721349`,1.8232834908098776`,1.3095628634378593`,-1.0147966566702842`,-0.9981210089769575`,-0.24653774590506272`,0.21248328797595567`,0.9820948173375194`,-0.2889487200360429`,0.15223140224400994`,-0.061342860161801786`,0.8180663203622411`,1.4070169662538414`,1.396608609796169`,0.19048752447837047`,1.9050498379614096`,0.6929348834662405`,1.6402384757155777`,1.5483652008732354`},{-0.1351850177267172`,-0.6461033522630971`,0.3936361253161326`,-0.4818122191520221`,0.8531248252818876`,0.4283287710031124`,0.9239675446441595`,2.3408069389964883`,0.12617277126971443`,-0.7840018877126417`,0.28585540924776964`,0.20172296638013348`,0.9227672145623982`,1.9034208974172464`,1.0814599466665706`,0.7678062251139949`,-0.06267965699616611`,-0.09738616455723009`,1.258834235172041`,-0.9181325633482432`,-0.25687284722426185`,0.8644818815061412`,0.6687933835399065`,1.952064396818376`,-0.03615542602466572`,-0.4558139510327045`,0.19052069816031544`,0.5088150890738556`,0.6971404022059422`,1.2709515185765843`,0.9113841549840859`,1.0686017159528414`},{-1,-1,-1,-1,-1,-1,-1,-1,-1,-1,-1,-1,-1,-1,-1,-1,-1,-1,-1,-1,-1,-1,-1,-1,-1,-1,-1,-1,-1,-1,-1,-1}};
train32out={0,0,0,0,1,1,1,1,1,1,1,1,0,0,0,0,0,0,0,0,1,1,1,1,1,1,1,1,0,0,0,0};

